Shunt
BusBshb_01
BusBshb_02
BusBshb_03
BusBshb_04
BusBshb_05
BusBshb_06
